$ANSIBLE_VAULT;1.1;AES256
38613630353038346465666633646230356537653333656164653465303339623866666233363666
3661313733373533623462353138643535386164343066380a386363376330383632373561633439
32306665303161366363666663316436353936363736353463386264646631636636613431353062
3766656664313634310a343464353034623134653831373338323366613038353532633832306264
33313665333033353730393832666163393461666334383561353062666164343733663562393132
33643866626562336634613130383137633630613638386331383035656635363033383236313237
32616665616231356132653366343665316438323061623634633461326133633137633735613539
34316638376564366631313165373265613465313834646330663431383234626636333161336637
66316233353061643639353539626532356338343832393761343562633730383638316131646637
33663031356164343932353333363231306638663536653939646661626539663964643163363331
62633238333965653339616531613462363835323164386262623935626435343336623531626563
34316562636438343163303135393238396137613763313762616533666231333738623631366238
65623164356639643463323338356432366366663733303939353766326533383563393737316239
38363432323034633139646263306361383734663966306131313263363761633832633239346532
32316532376364333433336434623833366263666565366236356638646661656533346264313965
66666361323336643164323433613639313962343934313562363337656136613635383539623639
30393863323733353237356566366435383831663335303034323430633735383836333937373461
34666330313333303934333162336336313933353239316133653663316338306663373835656463
62353830313065363735306132616439353937393464393866396132333439366233373837313366
32323464653237303236613261623135366337356232346564616433643236393436393438393230
62646436353965653439343131393339333133343131383066363731363865663863373139343538
61376564643062653032336637373135313065333463393361333533346263353436303362636633
66613632623834373334383162373063343438373437383730383631616234303535623534643335
64373262653336333036313238386366396630373566363565356132303032623434636665663465
65373262623862643466623232386366616332363936633164336564383533353031316538376466
30363335366435383936383638663866386331313963346465343863356565353136383131333636
33333231356461323235636632326435623865616132623665353134343361306362353637353865
66303863323937653839303239396237646138386462616261356361343239313466306535363364
35653632323130633065303139346630643633386533656364373735396230636566636539386461
33663266383533333238663432356339353834653764616430376636323661336638336466643934
66353863646363323130376435623732646565326662333731366533353965646164353039356236
36646434656539616362666163313730316139653838656165353832336564666534346131393062
66663637623139653336356264346636646130373534653435613737663565333562633732343961
62386631353064623661326431343938366633666132326136316438623031343732616632616636
39633237636161336465396665313138373836386235663037666630626130366238656461666536
36363639633932306330643166626665316437343735366231333133663566326135633439616562
33646530336664616232346461333663326236623931336436653633303234316565636665356132
65346263383462373731346437326662323733336365333163356439646637623863333633303532
63343737336433303664656366636137393334373961383239346235616330333430346232633838
34356338323034333161326337396236633434353839336361316230383863613236623938333431
66646230386130666539613535323135643338363665386262316465636633643566393833363164
65613964336262313937336465613339323264656663623736343762363264386337626239343262
34383136616330313130636636643865393161656636343838313838323839343330316162316533
64313436366136333733336331343936376134363566396432323862373436333766656264336232
33633366356231383964663339636465303039373636373134633237313938656437346431323736
33373535393362386364656636353237353962366139306530656362616534366335616666376464
61656264333035353335623038613337346561646464353234653862393938343636633333313833
31633332346536633231643238366337306666303439363465633533306666376233613332666435
34653730356131353061313963616364353831656361643366343266633130313965643162383364
35396438616561306264313765663737663630363863633331646234656638646563633762353839
32366263386363343731643333653632333061346363376431373535306461363765336130653331
65353566393836396566313931373066393161303666656266333136326434636136346634396133
32343635623962303762393438373863653632343062346532656335633962306431363939643237
33313439396431636533313837363536306239626231666463613535613264643164346336396532
36346138633031613064653931623661323366343263623163383233313134633236353436376164
30303536366530636430373133313764323632663565646330623334323739663263613935666435
65366365393436323330613130313666613939323136316666633537336464343037383134626633
36643634373337313763666434666433616566616631393833353461383730336435393765633065
37323437353031326263633237313735373264303035633662656133633162616634313733353034
65333664363831323231303530353063323562393661633561656261373637623766643233353762
64396632386533333539633065613163623834336135303262323065616336343330386139353864
35633065396562376161613037373037623534363366383132636432643934396336373535373865
39633231613734666664626333313264623639666365663161383333383733323133373464316233
32643332303031323139663538323638666632333936306663363035353531373466636664663534
33346334383262333031383461613438653438326235353563333834663835363438646330326561
30333661636561653738333861323137333937343765323265613866343637646563303532386432
36376635343830343537363362396234343231636261386238353130653438303565396536643466
34616434366336623638393065376139313530656438396663393336356162613438663036353935
38313564393665643666383734613932393262383233653537313562616234333363643830656562
38353339336464656138363365316332333761313437323933363930356663616465303530393363
34363239383865306566636330366162643961386333613430356438383866656539653734303230
61353365623236363662353061336538656163653435326538653938393933376636656233626232
32626264313639363939323664306163626166326164633237653731393031666536333266356163
39393437363865646330643362353035313834633530336436313361393062623338343533336431
32393735376536383839626333323135313561313831616532623135346435656237326635643731
37316162666337363438613462633730643933343437636461326361636161346163333136356565
61316631316437363464663766363330303330373163623938323831383330313263363239646430
63376139636464633033383562353639313263373237656333333138336432323862616662303530
39616337326266393532313766303830343032653338623963333632366665303633366262333734
33303462653162373439623762656635346230396139663063316262336234666661373933646234
62363864646561366664656137303439353437663965303939666264636636326362303931646565
61633836366465353139613235646231363535663137366136366461383033313230623936343932
37306463643762333231393536346331363131633733376238646336616463343736303166393939
61346239666534373233326130626438376662386562313039346561623362653932396139386234
37626131393935383063396465393733336632633362336365633137306132303731373333636461
38313838356563613233646663323763353831653263613338343232373538663064386434363337
62346534613562363436363131613266356332313965613364393735363831613639396436323638
30663439626432366631653133353365636137346537323933323539313465616430366464613864
63626637613031636335323038323462376365323331613935313539356564333663653439393430
61633137643432343865376135623338366331376535326438376665636634376637666430346262
61653265303130616565653339616335303938623032353133303031346561393963353731373239
36643432383731643939343033326138653731346364636461343839336363353737363165376135
62363535373563303066626163376163386131373565613561396433303265346336383230313263
38343830346636323762616361383035663133383965303434356563646361353632613237376464
32316261313235613432323465616464346134373961373337646334663330363039343964653030
32623664656638306661343662326366633132383863633132303933636164383265313264366439
38316466336231346237626433616433386563303732323865643339613061373763643034366166
33373837666439333663663238366332303562653639623239383839336366333538653064373239
34373865663939363332626539663831393765336630316361303032343232633664393839393934
62393431303130633063323962623866383462306363386662646537663131356432353732613234
62626364393433623439666633663530333535366664626164623766376566653662336335623630
31616139356237343730626661613264373666373732313963626564343733343330393239313865
38336532666363323334643736383961623361646465666535313637386432323465383661343963
62366231383036613364633230393837353538316265616462636530363836373430393261343265
36353635326366346237333231666635356166616565633238373934343462353362346261383261
30623563376430613638343533386635646162353766323661366535323938366666323564303166
63313630613564646430313537393835303466323438303636653733303961336133333732326638
66306538373463356631333333386530346533303335346433623230613261303835393862643165
61656635323737613734336566626163353066353032663031653435333366383437656662633537
31643961393834386431343634306130633135303730643163656262333538643464316439626434
35323132633931313833623466363131653335393833636663386532303638656134393538626362
31373964613332363332303136386339346538626431653963393261343262643661303766343638
31333235653664373635313936373630333161336331636537643862363733306239333836363161
31373866656630623732616263383139666432623834323133396165363538666263636537663934
66646663313166666166383262363262363835363262616431633832656361636135353731346566
66326539396562623639373631643063323863323835333332313063663133336236666561626235
62323731656130663730663962306565396233303366303962626464373165303863383333323936
62623437626339323035626532313731313238666365373034626533393764326561623838343031
32613466643334396634376236336561653930336632346535613633343534343165366566643635
37323962386365383632613866366434366662623835366262626538636630373339616664663332
32646430323739646661396364663332306565633230393465636539343962656530343831346238
33303431356434353230336130616537623761343833613633316630636364386164656137373261
61383935343239646563313066643239636232333562663030376235343131343638343638623837
62663537656231356334633064663536363264636338383033636363366330343163643565666162
32336334656335643466393262326334666439376537316536363461303961383264663136663138
61393865346564373333363036346238323862626365633766626661646335353330303536366533
30386463633330623637306536323139633036376262383036346230326431633535316331313934
32666639623132323132633937353265616239333639616137663264306430666133653564383563
30336362366331623536366137643336643862636533323761383039626336316338343463366338
61316136363662663761356534656139313633636632376636653539643766346138393965643332
65313930613162363933393561623335323536323165643334613561336336396232333039343962
36653734336530613330333866363333303639383262656335326564373663653839323565383962
34363833663035323562353561623466626664306238383533373931633662646533633365626665
63626534353739633531383166393335373931363834663237356265666136383539663765356236
32613965383430663538313163336564623137363863626536643838303863666433333166383135
64306636383963336234373963356430613964393631363838306264346634383032313363356131
62656536653164386631316461643764356437643762663339643832356431343264383637346435
30396533336663393234633836376432353432653533383930643631663364396366316439306265
30623466396466396136653630396638666137656439333738613033356634333839353239356336
66383563623565313665643630646132343136326563396333643336376237373637646237396530
37633666656565616330363333303361323131656430313636386234313462643234336335346431
30633965663461643838656535376131383330303734613739363661386563636566393862326131
30646262363334616663643632356262393338343665663133346233393666653833666466316131
31333439613736306161626232393735363738353034353931666261346537623931303838396533
37633832663738326633663136353036376166383236656265626230333364313438636438633664
31653039313064353032666261636539376138343031356537313661333633646562613865383630
64393166663638336532343063633130653761313162373337636531666363396661653437623361
35383930383066663436633165326665303462313662353366613535306530323364643832313732
33333866396262336330626139363837386233396434636433366564636162323666353061303933
37653564393939323734623732396137656261666130643637646635386333343964396633393337
38363937396361393066666466343535383530653530346265656463366437326666373062633135
39663666366466343163613638653030383136313163396538633938646161663361636536366338
66633039643063323865366163363566343038363932336431373232386632646634366238343261
61363066663637666364323062383035353530343061646133386535306234646430626265336634
38313563663931323432633238653065616434373862643362626462356336376132376139616661
38626331636137646631663837376337326465323766613834383762313563663964633236313333
38396232343938333333326438376366396231613233663232626164363239326435633336613036
63393430333333393836646366663031633833336533346132386330623362326563313635636132
64356635633433626239303030616239656665373232393438396164623235666635323466653161
36326165323638303832363939623064666333653961356266616663363536343133376239363132
63623166303835656132313737616566386430656330343564613530326639323565656135333734
30636466643332366437383135303033613334623666656237353261636265316632383238383237
36353938353834363862333837653536353861386532393330346266383934393330346538326162
61323538373838376466646464653938626261613030316565363937323038336635623430346230
36623461306530333561653761323334373663616631323738353565393435363565653363626637
36666239666230393161633062313737633633346538313731666565363935656266373631373461
64633830343734613939643966663933633636313166633364626436353561643539663765393165
36616662656330363234356535666461306135343030336365643332623537623035313132616131
36373633386134623363626635656231373233633864343132626364633638366566373036633632
39363531396365326333646337623335383430333965373166363231323763303464396535356631
38323435656539393330363332303230343265343439396339383961393131666362316264663562
65653131633434636236326561656364653766613637313761613066383861643331653962323130
34303964316261376331656337356632386637643166613838343932303264373266303266323063
61336532356364613833636339613734356162376336373331363338613563313532356562363163
37393936356132666263376331376239666132353264646331323938313066323262666531373235
32336566653163333762393362356230616636326663343566646661336236376435303863633837
37376336643035313162373963303062303239623665636338616436666439363038383837663033
35616330656631626631333436313234653335386632353739303239396266343231383061663836
36386137643638343731316330333030373531633234636361373963656166616436633630393532
32616634333039346235313965333664646563613332373439313536666166643739653763326338
61343162343634366434346262303539343064643633316364613734633631323936636630636361
34346665356434306530336536626435393264306631343836623337323062613461396562323339
39656337326135613336356664363262303638306332313865663966316361376464363133663834
30373038336137633438633137343838306636306665383465646239663665656431323835613663
64626663326463323533643830366434316263373961386161383761633562393038633537313361
63613934656264653363613762623766396230313232383832336366396534623364346531326335
62386230613934366461393764653936363561373761323761303162363964383466303937626663
37656235363761383732666262396264316530626263613632623236353232383766623437303532
35356433333434386563373362396235333162626361396363303661313365373237383864663330
35643037613635643764646463643838356438386461373365306262306238626233656465373163
39666165393532386339393538643631303336306564643137383561643630336263363034373631
36346165393335303261666435613665666433613631386531633830653933373064343961313830
32306366393133386163656662326633346135323831643633643762653261323866386535626334
34393037386562313134623666323130313563383630343366306164383938343264643532323033
64306161393738353230326437363364366632386566343163386334653063366533626364343430
37656463316162353166316432316639313462343837393765353262633230643163336132626664
32623135613738373437356431343465663064613165383265656565666565373663613465316338
62616632363239363835653931333230323665393631323030386666356164306434643261303165
39623137316533333132646336326432353037363965303561363538363337393037333265646463
62336163306338366361396238366132363937333630383039363165343332646139653063393635
66343766353662396437646236383039663064363636303138373965373138636466376665366134
35646664323031323863613330393061396430383364636630656465663162323238666633656563
31303133336434346366656333303036613636346133303565613432326661636362643635663039
64666430663438396633616161383664316465393930343136306161386261303964366566366232
30306461653562323535643863613466626536313239616238336438616263663536323066303331
33656137366237363966323966653731376164313835333165376632656664666335346663663464
34626235346139363234643739613533383562353633646261336264343438393765663933626134
62373863633763373032303763336433613863333634646339363363353161633632393334383135
36333635366262653865316263373736333661313761336130653861653337666530636437613038
31316531663066613937376362613431636463323537343365616366643731386331333136336133
32653164636338643938353263623933663035616366303637376530363037653766386364666138
64356231626663636132363038643565303265333033373832343936343439346332616162626237
35653364636338646165653937646166613064663332326434363961363664633832346164356566
31656339666465346331646237373237656462343861393230336464633166353539623761646637
65306531313535396637616538323831313436333630353231373937643938303466666233663535
30306232383133333732323038613361313064366130326564383237303939363136386536396634
64643562363962633132383061393032633261373734663036333061623033636265653331613830
35326662666261636562303063343634323237653937623862643862313338376165386563333865
34626336306537376536396264666465326563386663393164623461333434333034333931316332
64653631383736623331356436313937376334623232373432363962633262396539313232333834
64373032326435613366643437653662313831313466353766653533363965336463393435323736
63393632623336323031336537616662313164303861366238366664313831363238623939363966
64363338333065323464643464633066336538623437323464343964343663353735373138353030
61303864383336353666363665663735643534626365626235333130636265373762316130353338
31656532333134623738646466356562306235623930663465366563633363353636316663366335
62383936666231373138363731323963636639343463376562626439346630323537613965666264
38383038623362383633313633396465326165316430623733366462666535333964336666666163
35323633376166643261353862303637646264366463363761343539353734356364336464326564
63366436613261363331376563323262393362663637633030353234613633303832336537326135
35303230316139646366633737323639343533316164313435313431316132616635656539643731
64633837643931323533656466383966353939373562636138373261383064383031336230663537
35623363633365626235393164373465363639666265653434326364386131363135303663383862
31636466643232373534613431623464636364623032313061333338663139353163346136306537
33636332303638336334383664623936663136383461316633656233326334623838353262313838
65353232343763656562653435666264613938646134323839356264386631323536376131393931
37323333353237376434313632616162353739303935336338613062303763336335623838363338
63646437323638626236376636323535646662383735616666316534383361633966393562343064
36303866633762616462643139633734643838633136626164306135623237626534646166626163
38323133393334636165323365316439353261323964656134393933643135303666653833336532
63666564376262373834323634326365343239636639353633613434626634313137663631303134
64653563643933313265303837613830313834346534613730353335656437623433343431666464
37333066633334653633666632616334643665383961306132306237306430613836346331613634
39666631333264386363643633663265636138613338623764636562323534623734303030383962
64346435316439656333303637313935633139643433323134376231643737663231623831353230
37613236386532376466656334636338343139393563633838366535376238316434323362306462
34383437616630376236653536663133393739376534633932636136636363366431353664366634
39636337306539363637306166616130323365656664663564336361333562393035313134383335
31353065386535643431353730643365633263616266633837616339623736393435666437656337
30343766386261386130643464663935613837343838623963663139343637383436313961316564
63363065613061366563383332666431306631346461323936633539363234386331643033623366
39373035333639636236643339316534396230386161333664613831633965633537386233626234
32343062653934623461313136346334313131376661663130613736666165363134326665376639
36366138383632626466633439316665336230633863396237366539336431373862323462383062
61333533666564333339373730303734363636343531333736636264323866383134336661346232
30666335343963663564633162396439343436376638663463343434636561616630663237643132
35353139346264643564666162373739613139343563306163666564613438303237633863373839
35666561343261663230396464323361393564353936336339663765323331363438613630393266
39656236373065313161613839343634383031613930623531366464323464646132346563663862
30333062373634326237376335376434353133663232643966393739343363363235343634363366
32366435396434323361366139653834656531343735383937656466646134333866353266626262
34376433633832646634363234613865316166366139633563316137313635316466636439326236
36306233313662363336373833646330323133626133656232633633346534393165393463353065
39653130396530313230363131656335343230306233316539633436393535316130633363383037
64333037616366616462316433326636343161646333656635303264343433613566346462373531
34343034353463656561613063363866623164653765306333663563356132393638613531383865
37646364366138356435336638363464316138623133646363303433366330356430333231643564
62613564386265336539323061646433356535653138623062306434626562396536353830373935
30386634313665666231653966323031303938313364326335653538333734613762303464626239
65363637386137653062346634333133353831326430393234636665396336616363653539656637
36346132613539623239646165636532653136353733333632316165626537303937393066316539
33373662386432653765636363663034613465383138663064666231343163623231346131666464
64613033666438626561333731646236373763343532396538366464666464373866666136333933
63383533346234626466353132393230343631663462333261613664663935343465376431383635
38333332366162623161353138613466343166333961363131623461336666643231373439346332
63333330323830336333343132393033623337643464636262623833343832373233366630353261
39363665326431646163376362653439396161623862333339663931623165323464313131306334
31613661383737623165366137303962656635393732663634323463353037303738303135323638
32653938623863373565363562366331346533313739323035323338666636633865303839373034
33313839366461643163666438356163633263363865386132616235386535663139616138386566
39653739633730653161343966373938396230626437396632316262353364353061396636373639
64306461313736643235643361303163633466616263613832323735633234333935333233343936
35353766336233623133333266386331623636393030396561363339616530616235626139626166
34616239613039383866383065383964666230336334666130343061643030623539373361613638
62623064366137636637636539336634626239303738313930613339616162666263666363373361
37623635343034663938643462643732303932326238363734626233366662336465623239343737
62366161643937346664653530623339396630613034623263363866643434646366626566393136
33616565383064626139323465636235643833656638616434663030336633353963343638623230
30613132643335316534666236333561386138323663306231356430313936383137393733336435
38383337303762353136653033353133333933346235663136316364373935303732636263663038
62383365346236626132336436613734663465663166346262393332336361343739663333326465
37353735363063653763666333313361633763663862386232333863313137626237353461393961
63323661393835373162626133613533363565373630306334643563623232663861356464663430
35646330653364656231376265356435636632313062326134366632336465346264616664353037
66353838623464386634613138343937663262656536303565353464666334393362343539396533
38626631643362373964366538333233363334323135646236306239613031336331313132613636
36333933386661626665323262333865666439613838376238663131666234653534373333386262
66616638616232663130393436396131366130643037636136306533366333363863353366303266
64363739663232313332386238653031326262646165653431653762613730343035663533353839
62663264343835643264343532626362633161353232333634363962633235336166313762393531
65346532333664353335643332636439396337373633653465316366376438346636386262346636
34616161373866663731616332323239306637343538646635363436343830316430643864303032
3837613630636434663633653463613062653136333966363539
